kandidaten 477 | bot-kopie winstgevend 421
 rang        kort  trades  trades_per_maand  maanden_actief     eerste    laatste  K  maand_rendement_pct  totaal_rendement_pct  max_daling_pct  winstmaanden_pct  aantal_maanden  beste_maand_pct  slechtste_maand_pct  laatste_90d_pct  trades_laatste_90d  zonder_10okt_maand_pct  trades_10okt  winst_pct_bot  gem_netto_pct  mediaan_netto_pct  beste_trade_pct  slechtste_trade_pct  profit_factor  verlies_10pct  verlies_20pct  winst_pct_eigen  gem_eigen_pct  n_100  n_50  n_20  n_10  houdtijd_mediaan_uur  houdtijd_gem_uur  eerste_fill_aandeel  bijkopen_gem  long_pct  gem_netto_long_pct  gem_netto_short_pct  n_munten                        top3_munten  kraken_pct  bitvavo_pct  rendement_alleen_kraken_maand_pct  accountwaarde_nu  open_posities_nu  fills_30d laatste_fill_nu
    1 0x5b20…15ea     195              32.9             5.9 2025-08-26 2026-02-22  1                56.74                 336.1           -64.0              29.0               7            449.2                -36.5              0.0                   0                  -15.03            17           27.7           1.72              -0.66            140.2                -25.9           2.60              1              1             30.8           1.82      1     4     5    10                   1.4              10.3                 0.76           0.8      54.0                3.37                -0.19        12      ETH (83), AI16Z (82), TAO (9)        57.0         57.0                              29.52               0.0                 0          0                
    2 0xb3db…74c3       8               7.0             1.1 2025-10-01 2025-11-05  5                55.17                  63.1            -2.8             100.0               2             60.9                  2.2              0.0                   0                   55.17             0           87.5          39.41              48.25             77.3                -22.9          14.79              1              1             87.5          39.73      0     3     6     6                 225.3             346.5                 1.00           0.0      12.0              -22.86                48.31         8        PUMP (1), INJ (1), ATOM (1)        88.0         75.0                              41.64             150.0                11         35      2026-10-04
    3 0x4448…f625     149              37.9             3.9 2025-10-09 2026-02-06  1                45.07                 177.1           -33.0              60.0               5            108.2                -12.1              0.0                   0                   45.32             3           18.1           1.19              -0.32             49.9                -50.2           2.75              1              1             51.0           1.51      0     3     6     6                   0.4              53.2                 0.92           0.2      17.0               -0.32                 1.51        11       ETH (114), BTC (25), ZEC (2)        98.0         98.0                              23.27               0.0                 0          0                
    4 0x0d8d…c2aa      45               9.7             4.6 2025-08-07 2025-12-27 10                43.16                 200.7            -5.4              60.0               5            202.9                 -3.0              0.0                   0                    3.21            14           73.3          44.59               5.53            531.9                -22.0          20.76              5              1             73.3          38.63      6    11    14    20                   1.3              98.4                 0.30          15.2      36.0              114.40                 6.08        19   ASTER (9), ETH (6), FARTCOIN (6)        73.0         89.0                              14.30               0.0                 0          0                
    5 0x0183…52cd      19               2.2             8.5 2025-08-13 2026-04-30  1                39.73                 339.6           -21.2              43.0               7            199.6                -16.8              0.0                   0                   19.06             1           57.9          17.87               1.32            176.7                -44.6           3.89              4              1             57.9          16.47      2     3     4     4                 116.3             257.8                 0.80           0.8      95.0               17.12                31.43         2                  BIO (18), BTC (1)       100.0        100.0                              39.73            1893.0                 1          0                
    6 0x5a93…e546      47              40.6             1.2 2025-10-09 2025-11-13 17                36.31                  42.0            -9.3             100.0               2             30.4                 11.6              0.0                   0                   46.44             9           68.1          15.20              20.06             71.9                -31.9           3.92             10              7             68.1          15.71      0     5    23    30                  74.6             203.3                 0.81           0.8      11.0               -4.57                17.55        21  BTC (5), POPCAT (3), CHILLGUY (3)        87.0         83.0                              27.44               0.0                 0          0                
    7 0x588d…078e      37              37.0             1.0 2025-10-05 2025-10-31 14                35.49                  35.5            -7.4             100.0               1             35.5                 35.5              0.0                   0                   35.49             0           67.6          13.43              11.04             76.3                -53.9           3.61              7              2             75.7          15.20      0     5    11    21                 111.5             170.5                 0.90           0.3      14.0               -4.42                16.21        35        FET (2), SOL (2), PENGU (1)        59.0         70.0                              25.57               0.0                 0          0                
    8 0x1fd2…ff66      71               6.3            11.3 2025-08-21 2026-07-29  1                35.33                 397.8            -9.6              89.0               9            153.7                 -6.5             26.4                  25                   30.92             1           60.6           5.60               1.39             59.2                -16.5           5.88              2              0             80.3           6.92      0     3     9    14                   0.3               6.2                 0.16          58.8      63.0                3.89                 8.57        22     CASHCAT (16), MON (8), LIT (8)        49.0         52.0                              19.43               0.0                 0       1487      2026-10-02
    9 0xae78…3956      15              10.8             1.4 2025-09-05 2025-10-18  9                35.30                  49.0            -0.6              50.0               2             49.0                 -0.0              0.0                   0                   35.36             1           73.3          29.38              13.40             73.4                 -6.3          60.43              0              0             93.3          32.01      0     6     8    10                 172.8             375.8                 0.52           1.1       7.0               -0.39                31.51        11            ZEC (3), OP (2), IP (2)        87.0         60.0                              34.86               0.0                 0          0                
   10 0x56c3…b2c4      16               5.5             2.9 2025-08-07 2025-11-04  4                30.87                  90.3            -1.0             100.0               4             51.2                 11.7              0.0                   0                   30.87             0           75.0          22.58              20.40             58.3                 -4.3          31.76              0              0             68.8          21.14      0     3     8     9                 197.5             361.6                 0.33           9.6       6.0               46.95                20.95         9          S (4), XPL (3), SUPER (3)        62.0        100.0                              14.92            3656.0                 2          0                
   11 0xe14c…552d     137              13.2            10.4 2025-09-25 2026-08-06  3                27.50                 284.9            -6.5              80.0              10            282.5                 -6.1             -3.8                 102                   -2.48            10           47.4           6.24              -0.07            189.3                -51.9           6.21              3              1             76.6           7.01      4     8     9    11                   0.6               4.8                 0.64           2.4      42.0               15.75                -0.75        22      HYPE (50), ETH (25), BTC (14)        91.0         95.0                              25.30               0.0                 0         17      2026-09-25
   12 0xf995…2f7c     212             112.6             1.9 2025-08-25 2025-10-21 10                27.26                  51.3           -17.2              33.0               3             64.9                -12.7              0.0                   0                   -9.14            30           25.9           2.42              -1.13            123.0                 -7.6           2.49              0              0             32.5           2.17      2     4     6    14                   6.3              18.1                 0.44           3.1      94.0                2.68                -1.57        19   ENA (24), LINEA (22), PENGU (19)        83.0        100.0                              22.02            1463.0                 0          0                
   13 0x2ff8…f79f      87              59.8             1.5 2025-10-08 2025-11-21 30                26.95                  39.2            -4.3             100.0               2             33.7                  5.5              0.0                   0                   22.55            10           56.3          13.53               8.24             76.7                -27.7           4.11             17              4             58.6          14.21      0    10    35    42                  54.5             117.9                 0.53           3.1      13.0               -8.71                16.75        55      BTC (4), ETH (3), ZEREBRO (3)        82.0         82.0                              22.23               0.0                 0          0                
   14 0xee04…5d87      45              23.0             2.0 2025-09-29 2025-11-27 11                26.02                  50.9            -6.1              67.0               3             49.0                 -0.0              0.0                   0                   -0.85            20           40.0          12.45              -0.41            251.9                -33.1           6.83              2              2             46.7          11.15      2     3     8    11                   5.5              27.8                 0.72           1.1      78.0               15.73                 0.99        27        BTC (11), ETH (3), CAKE (2)        91.0         93.0                              21.65               0.0                 0          0                
   15 0x7cc1…658a       5               2.5             2.0 2025-08-11 2025-10-12  5                25.50                  51.7             0.0             100.0               1             51.7                 51.7              0.0                   0                   25.50             0          100.0          51.67              51.32             69.0                 37.0          99.00              0              0            100.0          52.00      0     3     5     5                1443.4            1450.9                 0.97           0.2       0.0                 NaN                51.67         5      SAND (1), MINA (1), MANTA (1)        60.0         80.0                              14.20              53.0                 1          0                
   16 0x3dd7…3a62      16               3.3             4.8 2025-09-23 2026-02-15  4                24.89                 119.0            -0.0             100.0               5             80.2                  1.2              0.0                   0                   21.37             2           93.8          29.75              22.09             78.6                 -0.3        1488.49              0              0             93.8          30.28      0     3     9    11                 284.3             531.6                 0.49           1.8       0.0                 NaN                29.75        12        ZEC (3), STBL (2), HYPE (2)        69.0         50.0                              12.18               0.0                 0          0                
   17 0x5bfb…7c48      12               5.1             2.3 2025-08-25 2025-11-04  8                24.15                  56.4            -4.8              33.0               3             68.2                 -7.9              0.0                   0                   -5.05             8           66.7          37.63              15.10            173.1                -63.2           5.78              2              2             75.0          38.35      3     5     6     6                   3.7             169.6                 0.21          58.8      83.0               48.25               -15.46        11       HYPE (2), ASTER (1), WLD (1)        92.0         83.0                              27.53               0.0                 0          0                
   18 0xbef8…3d16       7               2.7             2.6 2025-08-11 2025-10-29  6                23.95                  62.4             0.0             100.0               1             62.4                 62.4              0.0                   0                   23.95             0          100.0          53.45              52.65             70.4                 38.0          99.00              0              0            100.0          53.78      0     4     7     7                 691.4             978.2                 0.06          19.7       0.0                 NaN                53.45         7       LDO (1), VINE (1), PENGU (1)        86.0         86.0                              20.58               0.0                 0          0                
   19 0x0a8b…b61f      31              17.4             1.8 2025-09-01 2025-10-25  6                23.66                  42.1            -3.1             100.0               2             39.9                  2.3              0.0                   0                   23.72             2           51.6           8.15               0.52             67.4                -17.3           5.81              1              0             54.8           7.83      0     3     5     7                 118.3             198.9                 0.83           0.5      39.0               -1.74                14.40        12         BTC (9), ARB (6), DYDX (4)        94.0         94.0                              23.00               0.0                 0          0                
   20 0xa19a…4c72       8               1.9             4.3 2025-09-27 2026-02-06  3                23.53                 101.7             0.0             100.0               3             40.9                 28.8              0.0                   0                   23.53             0          100.0          38.13              35.72             64.6                 14.5          99.00              0              0            100.0          36.35      0     3     6     7                1176.8            1290.8                 0.19           4.9       0.0                 NaN                38.13         6    XPL (2), FARTCOIN (2), PUMP (1)       100.0        100.0                              23.53               0.0                 0          0                
   21 0x1c93…f6eb      62              25.9             2.4 2025-08-27 2025-11-08 28                23.02                  55.1            -1.1              50.0               4             55.4                 -0.2              0.0                   0                   23.02             0           72.6          24.89              12.74             88.0                -42.5          15.64              2              2             74.2          25.70      0    17    29    32                 136.7             179.6                 0.81          11.9      23.0               -0.80                32.38        44        XPL (12), NEAR (4), ETH (3)        87.0         85.0                              17.36               0.0                 0          0                
   22 0x7029…2791      69               5.7            12.2 2025-08-01 2026-08-07  1                22.93                 279.9           -59.7              36.0              11            266.5                 -9.8            269.2                   9                   21.40            12           29.0           4.06              -1.69            277.8                -33.8           2.18              5              2             31.9           3.99      1     3     4     5                   3.5              33.7                 0.48           3.3      97.0                4.06                 3.86        15 ASTER (15), FARTCOIN (9), PUMP (7)        72.0         90.0                               4.06            6555.0                 2         48      2026-10-02
   23 0x2e3b…f4ab      21               3.9             5.4 2025-08-13 2026-01-25  1                21.74                 118.4           -36.8              40.0               5            100.6                -37.4              0.0                   0                   21.74             0           28.6           5.64              -1.59            124.6                -30.5           1.80              6              3             33.3           5.94      1     3     3     4                  28.7              58.3                 0.70           0.6      86.0                6.54                 0.22        11         XPL (6), WLFI (3), ZEC (3)        90.0         76.0                              25.49               0.0                 0          0                
   24 0x0118…8ede     158              13.7            11.5 2025-08-22 2026-08-07  4                21.52                 247.7           -17.9              80.0              10            203.4                -10.5             16.0                  23                    3.52            17           52.5           6.27               0.43            153.9                -45.1           2.93             15             11             58.9           6.09      2     7    19    29                   0.3              90.9                 0.24          24.9      33.0               14.31                 2.33        37  XPL (33), CASHCAT (19), WLFI (16)        51.0         72.0                              13.98           42995.0                 8       2000      2026-09-25
   25 0x5612…d9a8      51              26.8             1.9 2025-08-13 2025-10-10 14                20.93                  39.9            -7.4              67.0               3             35.8                 -1.8              0.0                   0                   20.93             0           72.5          10.94               7.34             60.9                -43.9           4.04              5              4             82.4          11.26      0     3    13    21                 598.8             381.0                 0.99           0.0      18.0                0.54                13.17        18    FARTCOIN (6), BTC (4), HYPE (3)        90.0         90.0                              21.63             137.0                 1          0                
   26 0xe293…6b1d      18               4.2             4.3 2025-08-22 2025-12-30  7                20.85                  89.1            -0.1             100.0               3             68.4                 10.1              0.0                   0                   19.47             5           94.4          34.65              29.02             80.5                 -0.5        1382.60              0              0             94.4          32.87      0     5    10    13                 236.8             303.9                 0.66           8.2      28.0                8.28                44.79        16          XPL (3), YZY (1), BIO (1)        50.0         72.0                               7.73               0.0                 0          0                
   27 0x3bf8…dba1       8               2.5             3.2 2025-08-16 2025-11-21  4                20.27                  64.7            -2.4              67.0               3             48.8                 -2.0              0.0                   0                   20.27             0           75.0          32.35              29.36             78.9                -14.2          12.63              1              0             75.0          32.38      0     3     5     5                 843.0             969.9                 0.10           4.6       0.0                 NaN                32.35         5  PURR (2), GRASS (2), FARTCOIN (2)        62.0         75.0                              13.59               0.0                 0          0                
   28 0x0000…a682      62              18.8             3.3 2025-07-28 2025-11-05  4                18.83                  62.1           -18.9              50.0               4             64.2                 -9.9              0.0                   0                   21.31             2           40.3           4.00              -0.26            150.0                -28.2           2.01             10              4             58.1           4.34      1     3     5    12                  25.9             110.3                 0.34           7.4      87.0                4.92                -2.20        19        SOL (21), PUMP (5), MNT (5)        98.0         89.0                              18.26               0.0                 0          0                
   29 0xc7ea…d630      88              40.3             2.2 2025-08-05 2025-10-10  5                18.77                  41.0           -14.3              67.0               3             41.0                 -5.9              0.0                   0                   -0.45             8           60.2           2.33               0.70             59.4                -30.7           2.31              5              2             71.6           3.29      0     3     3     6                  17.9              36.3                 0.56           3.3      38.0                5.53                 0.41        26        ETH (16), BTC (12), ADA (7)        95.0         95.0                              19.42               0.0                 0          0                
   30 0xb66a…1acc       9               3.4             2.6 2025-08-09 2025-10-28  5                18.70                  49.3            -9.8             100.0               2             44.2                  5.1              0.0                   0                   18.70             0           77.8          27.39              20.98             82.8                -51.6           5.74              1              1             77.8          31.22      0     3     5     7                 504.7             561.4                 0.40           3.6      11.0               -0.39                30.86         8        SOL (2), SEI (1), ASTER (1)       100.0         89.0                              18.70               0.0                 0          0                
   31 0x35c6…2a92       7               1.4             5.1 2025-08-25 2026-01-27  3                18.65                  95.0            -0.1              67.0               3             56.1                 -0.1              0.0                   0                   15.37             1           85.7          40.71              47.50             61.8                 -0.4         794.60              0              0             85.7          40.46      0     3     6     6                1112.2            1457.3                 0.32          17.4       0.0                 NaN                40.71         5      HYPE (2), ASTER (2), STBL (1)        86.0         86.0                              14.80               0.0                 0          0                
   32 0xb545…94f3      86              43.4             2.0 2025-09-05 2025-11-04 10                18.35                  36.3            -3.9              67.0               3             40.3                 -4.4              0.0                   0                   18.29             1           47.7           4.23              -0.05             71.5                -44.3           4.79              2              2             87.2           5.11      0     4    10    11                   4.7              47.5                 0.34           5.7      60.0               -0.90                12.07        32 DOGE (20), FARTCOIN (10), AVAX (9)        95.0         99.0                              19.27               0.0                 0          0                
   33 0x11ac…02ac      25               7.3             3.4 2025-08-22 2025-12-04  2                17.79                  60.9           -15.6              40.0               5             59.1                -23.7              0.0                   0                   17.79             0           36.0           4.87              -0.78             70.4                -25.7           2.20              3              1             48.0           6.40      0     3     3     3                  30.7              48.9                 0.60           2.2      96.0                5.11                -0.96         9          XPL (7), BTC (7), ETH (4)       100.0         96.0                              17.79               0.0                 0          0                
   34 0x4dfe…426e      21               2.3             9.0 2025-09-01 2026-06-02  4                17.77                 159.7           -10.1              67.0               6             58.8                 -5.0             58.8                   3                    9.68             4           61.9          30.42               3.88            194.4                -34.3           8.93              3              2             66.7          24.91      1     7     8     8                1106.7            1118.7                 0.80           1.0      52.0               31.87                28.82        10        HYPE (6), SOL (4), WLFI (3)       100.0         90.0                              17.77               0.0                 0          0                
   35 0xf5e6…3e1f     150              62.2             2.4 2025-09-08 2025-11-21 12                17.35                  41.8           -14.5             100.0               3             24.6                  2.1              0.0                   0                   24.51            18           56.0           3.35               0.93             71.3                -42.2           1.74             29             10             57.3           3.18      0     4    14    35                  39.6              81.9                 0.59           5.9      17.0               -0.98                 4.25        50 BTC (13), ZEREBRO (8), MELANIA (7)        82.0         79.0                              16.21               0.0                 0          0                
   36 0xf9fd…134b       4               0.9             4.4 2025-09-30 2026-02-11  3                15.82                  69.5             0.0             100.0               2             52.9                 16.6              0.0                   0                   15.82             0          100.0          52.12              52.40             81.0                 22.6          99.00              0              0            100.0          52.43      0     3     4     4                2880.3            2219.8                 0.20           4.0       0.0                 NaN                52.12         3    XPL (2), FARTCOIN (1), HYPE (1)       100.0        100.0                              15.82               0.0                 0          0                
   37 0x6d86…d205      81              17.2             4.7 2025-07-30 2025-12-20  8                15.57                  73.3            -5.1             100.0               6             43.9                  0.1              0.0                   0                   15.03             1           80.2           7.24               2.51             60.5                -48.1           6.22              3              2             96.3           8.57      0     3    14    24                  34.1             180.7                 0.53           3.4      32.0                3.67                 8.93        33        HYPE (21), ETH (6), BTC (6)        85.0         86.0                              11.15             438.0                 0          0                
   38 0xeabe…9acb      21               9.0             2.3 2025-09-03 2025-11-13 18                15.53                  36.3            -2.0              67.0               3             25.3                 -2.0              0.0                   0                   15.53             0           85.7          31.12              33.70             71.8                -35.6          17.46              1              1             85.7          31.44      0     4    15    17                1707.4            1378.4                 0.96           0.0       0.0                 NaN                31.12        21          XPL (1), OMNI (1), ZK (1)        81.0         86.0                              13.75               0.0                 0          0                
   39 0x6ebf…83f9      55              22.5             2.4 2025-07-28 2025-10-10  2                15.38                  37.6           -33.2              25.0               4             72.9                -17.2              0.0                   0                   15.38             0           21.8           1.37              -1.85             76.3                -17.4           1.47              3              0             25.5           1.57      0     3     3     4                   8.6              33.4                 0.78           0.8      95.0                1.47                -0.46        15        ETH (9), SOL (8), ASTER (6)        98.0         98.0                              16.97               0.0                 0          0                
   40 0x2b05…41b4      77              18.5             4.2 2025-10-02 2026-02-06  7                15.18                  63.3            -7.7              40.0               5             66.0                 -3.7              0.0                   0                   15.21             1           46.8           5.75              -0.20             70.0                -66.3           4.15              1              1             53.2           6.11      0     5     9    13                   5.4              54.8                 0.26          10.1      45.0               -0.83                11.24        23        ETH (37), HYPE (5), BTC (4)       100.0         99.0                              15.18              12.0                 0          0                
   41 0x5bf5…7919      13               4.2             3.1 2025-08-13 2025-11-16  3                14.88                  46.4           -15.8              50.0               4             39.3                 -8.7              0.0                   0                    9.25             1           46.2          10.72              -0.84             65.7                -21.2           3.46              3              1             46.2          11.05      0     3     3     3                 152.3             254.1                 0.61           1.9      77.0               14.10                -0.56         8          BTC (3), ZEC (3), SOL (2)       100.0         77.0                              14.88               0.0                 0          0                
   42 0x099d…7650       6               1.1             5.6 2025-10-10 2026-03-30  4                14.88                  83.5             0.0             100.0               2             79.8                  3.6              0.0                   0                    9.27             3          100.0          55.65              60.39             87.2                 14.6          99.00              0              0            100.0          55.84      0     4     5     6                3551.3            3071.2                 0.90           0.2       0.0                 NaN                55.65         6       XRP (1), TRUMP (1), LINK (1)       100.0        100.0                              14.88               0.0                 0          0                
   43 0xc6f3…cff4      21               2.0            10.3 2025-07-28 2026-06-05  2                14.74                 151.1           -18.3              75.0               8             76.4                -19.6             16.8                   2                   10.69             2           71.4          14.39              10.50             72.9                -39.3           4.31              4              2             71.4          14.70      0     3     7    11                 119.2             437.6                 0.70           0.8      38.0               -0.41                23.49        15          WLFI (3), XPL (2), 0G (2)        67.0         76.0                              12.27            1732.0                 2          2      2026-09-15
   44 0xc0b2…e688      97               9.7            10.0 2025-10-10 2026-08-11 12                14.32                 143.4            -1.5              88.0               8            101.8                 -2.7             19.4                  46                    4.15            18           72.2          17.74               4.30            342.6                -13.3          15.79              2              0             82.5          16.88      3     7    19    38                 101.9             361.7                 0.28          14.0      93.0               19.02                 1.26        44        ZEC (11), TAO (7), DOGE (6)        81.0         76.0                               9.07          249540.0                 9       1025      2026-10-04
   45 0xebef…ded0       9               2.8             3.3 2025-07-28 2025-11-04  7                13.68                  44.6            -3.4              67.0               3             33.7                 -3.4              0.0                   0                   13.68             0           88.9          34.65              43.29             70.6                -23.6          14.24              1              1             88.9          36.81      0     3     6     8                1586.8            1430.6                 0.03          80.9       0.0                 NaN                34.65         8         ENA (2), XPL (1), ATOM (1)       100.0        100.0                              13.68               0.0                 0          0                
   46 0x8ffd…f7ae      11               5.9             1.9 2025-08-30 2025-10-26  9                13.47                  25.2            -3.7             100.0               1             25.2                 25.2              0.0                   0                   13.47             0           72.7          20.63              24.20             64.8                -38.2           4.23              2              2             72.7          21.09      0     3     7     8                 246.8             359.2                 0.04         130.4      18.0              -34.93                32.98        11 CHILLGUY (1), BIGTIME (1), UNI (1)        64.0         82.0                               7.94               0.0                 0          0                
   47 0xc20e…b00f       7               0.7             9.8 2025-10-05 2026-07-29  2                13.34                 130.2            -2.1             100.0               3             64.8                 31.1             31.1                   2                   12.67             2           71.4          37.19              23.72            105.9                 -8.2          25.47              0              0             71.4          37.24      1     3     4     5                 292.9             255.9                 0.05          15.0      43.0               39.68                35.33         6         HYPE (2), XPL (1), BTC (1)        71.0         71.0                               4.31           97229.0                 2         33      2026-10-01
   48 0x56a7…c577       6               0.8             7.6 2025-07-28 2026-03-15  3                13.23                 100.0             0.0             100.0               2             65.6                 34.4              0.0                   0                   13.23             0          100.0          49.99              51.36             60.9                 37.9          99.00              0              0            100.0          50.28      0     3     6     6                3425.4            2899.4                 0.08          12.0       0.0                 NaN                49.99         4    PUMP (2), FARTCOIN (2), ETH (1)       100.0        100.0                              13.23               0.0                 0          0                
   49 0x42c2…6f03       6               0.8             7.4 2025-09-30 2026-05-13  3                12.98                  96.0             0.0             100.0               3             61.1                  8.7              0.0                   0                   12.98             0          100.0          48.00              53.94             68.8                 26.2          99.00              0              0            100.0          48.32      0     4     6     6                3121.7            2423.6                 0.07          16.7       0.0                 NaN                48.00         4    XPL (2), PUMP (2), FARTCOIN (1)       100.0        100.0                              12.98               0.0                 0          0                
   50 0xa091…150c      38               7.5             5.0 2025-10-24 2026-03-26  3                12.85                  64.8           -17.8              33.0               3             78.2                 -9.2              0.0                   0                   12.85             0           31.6           5.11              -0.30             74.4                -30.4           3.92              1              1             55.3           5.94      0     3     4     4                   0.4             356.7                 0.59           4.4      47.0               -0.71                10.36         5         XPL (20), ZK (6), PUMP (5)       100.0        100.0                              12.85               0.0                 0          0                
